Num       RefCount Protocol Flags    Type St Inode Path
00000000c8ed7efb: 00000003 00000000 00000000 0002 03 12833 /run/systemd/notify
00000000a7fcc3d0: 00000002 00000000 00010000 0001 01 12836 /run/systemd/private
00000000948d0332: 00000002 00000000 00000000 0002 01 15539 /run/user/1000/systemd/notify
000000008d3b6ce2: 00000002 00000000 00010000 0001 01 15542 /run/user/1000/systemd/private
00000000bb18d451: 00000002 00000000 00010000 0001 01 12838 /run/systemd/userdb/io.systemd.DynamicUser
000000005472f4c0: 00000002 00000000 00010000 0001 01 15550 /run/user/1000/bus
00000000a3d369f2: 00000002 00000000 00010000 0001 01 12839 /run/systemd/io.system.ManagedOOM
00000000c6d68e0e: 00000002 00000000 00010000 0001 01 12850 /run/systemd/fsck.progress
0000000013f7e73f: 00000008 00000000 00000000 0002 03 12854 /run/systemd/journal/dev-log
000000009a4b942a: 00000008 00000000 00000000 0002 03 12856 /run/systemd/journal/socket
000000007d260ec0: 00000002 00000000 00010000 0001 01 12858 /run/systemd/journal/stdout
000000004c5a3bc8: 00000002 00000000 00010000 0005 01 12860 /run/udev/control
000000008d352437: 00000002 00000000 00010000 0001 01 14498 /run/dbus/system_bus_socket
00000000db10a606: 00000002 00000000 00010000 0001 01 13749 /run/systemd/journal/io.systemd.journal
00000000a5617e0c: 00000002 00000000 00010000 0001 01 14329 /var/run/vmware/guestServicePipe
00000000d5853940: 00000003 00000000 00000000 0002 03 14440
00000000fdd636f0: 00000003 00000000 00000000 0001 03 15500
000000006959861d: 00000003 00000000 00000000 0001 03 14791 /run/systemd/journal/stdout
00000000368c24a3: 00000003 00000000 00000000 0001 03 14138
00000000b5112e13: 00000003 00000000 00000000 0001 03 14280
00000000e4bd789d: 00000003 00000000 00000000 0001 03 13827 /run/systemd/journal/stdout
00000000869e9346: 00000003 00000000 00000000 0002 03 15540
000000001858dad3: 00000002 00000000 00000000 0002 03 15521
00000000c3f0a044: 00000003 00000000 00000000 0001 03 14530 /run/systemd/journal/stdout
00000000e4414101: 00000002 00000000 00000000 0002 03 13061
0000000061e2a97f: 00000003 00000000 00000000 0001 03 14788
000000007d17b0a3: 00000003 00000000 00000000 0001 03 14415
0000000015f5d170: 00000003 00000000 00000000 0001 03 15544
0000000000454c90: 00000003 00000000 00000000 0001 03 14247
000000007be9596e: 00000002 00000000 00000000 0002 03 14520
000000003d4acde2: 00000003 00000000 00000000 0001 03 14089
00000000c7a017e7: 00000003 00000000 00000000 0001 03 14309
00000000c65fbfdf: 00000003 00000000 00000000 0001 03 14883 /run/dbus/system_bus_socket
000000008ed29b0d: 00000003 00000000 00000000 0002 03 14442
00000000cfae48c2: 00000003 00000000 00000000 0001 03 14161
00000000f0a20b42: 00000002 00000000 00000000 0002 03 14297
00000000c9b905e2: 00000002 00000000 00000000 0002 01 14213
000000007893e521: 00000002 00000000 00000000 0002 03 13068
000000008c02fa07: 00000002 00000000 00000000 0002 03 14849
000000009e789fa2: 00000003 00000000 00000000 0002 03 15541
000000001ae13ee5: 00000003 00000000 00000000 0001 03 13050
0000000030c1bc4f: 00000003 00000000 00000000 0001 03 14873 /run/systemd/journal/stdout
00000000753f02a6: 00000002 00000000 00000000 0002 03 15510
0000000009a213c7: 00000003 00000000 00000000 0002 03 13072
000000005bb758ae: 00000002 00000000 00000000 0002 03 14137
000000000d1ef065: 00000003 00000000 00000000 0001 03 14282 /run/dbus/system_bus_socket
00000000e2dee5e5: 00000003 00000000 00000000 0002 03 14441
00000000155589e0: 00000003 00000000 00000000 0001 03 14255
000000004d6f4f9d: 00000003 00000000 00000000 0001 03 14413 /run/systemd/journal/stdout
000000005ec3a3fa: 00000003 00000000 00000000 0001 03 14416 /run/systemd/journal/stdout
00000000ab30a0bc: 00000003 00000000 00000000 0001 03 14139
00000000332e2501: 00000003 00000000 00000000 0001 03 14275
0000000038847240: 00000002 00000000 00000000 0002 03 100370
000000009a9754f3: 00000002 00000000 00000000 0002 03 13751
0000000057f98d92: 00000003 00000000 00000000 0001 03 14310 /run/dbus/system_bus_socket
000000003ae2c8d4: 00000002 00000000 00000000 0002 03 14434
00000000616b5198: 00000003 00000000 00000000 0001 03 14518 /run/systemd/journal/stdout
00000000a199d7db: 00000003 00000000 00000000 0002 03 14439
000000006de73706: 00000003 00000000 00000000 0002 03 13073
00000000c8b6e48f: 00000003 00000000 00000000 0001 03 14276
00000000e9e06365: 00000003 00000000 00000000 0001 03 14364 /run/systemd/journal/stdout
00000000aae1c29c: 00000002 00000000 00000000 0002 03 89018
00000000e247bc83: 00000003 00000000 00000000 0001 03 89023 /run/dbus/system_bus_socket
00000000515433d0: 00000002 00000000 00000000 0002 03 88999
00000000c06605fd: 00000003 00000000 00000000 0001 03 89001
000000006e69a874: 00000003 00000000 00000000 0001 03 100905 /run/systemd/journal/stdout
000000007d4586ca: 00000003 00000000 00000000 0001 03 89022
000000006e444eeb: 00000003 00000000 00000000 0001 03 14278 /run/dbus/system_bus_socket
00000000ebc52165: 00000003 00000000 00000000 0001 03 14514 /run/systemd/journal/stdout
00000000a95130b0: 00000003 00000000 00000000 0002 03 12834
00000000b4d50a56: 00000003 00000000 00000000 0002 03 12835
00000000547f3d5c: 00000003 00000000 00000000 0001 03 14513
000000003b82ca32: 00000003 00000000 00000000 0001 03 14502
